0 11.7931 3.15833 0 87.8523 2.19631 
0.25 11.7515 2.9057 0.138202 88.0045 2.20011 
0.5 11.7133 2.67321 0.258609 88.1511 2.20378 
0.75 11.6783 2.45926 0.36297 88.2922 2.20731 
1 11.6461 2.26238 0.452878 88.428 2.2107 
1.25 11.6165 2.08121 0.529787 88.5585 2.21396 
1.5 11.5894 1.9145 0.595018 88.684 2.2171 
1.75 11.5645 1.76112 0.649773 88.8045 2.22011 
2 11.5416 1.61999 0.695146 88.9203 2.22301 
2.25 11.5205 1.49014 0.732131 89.0314 2.22579 
2.5 11.5012 1.37068 0.761632 89.138 2.22845 
2.75 11.4835 1.26077 0.784466 89.2403 2.23101 
3 11.4672 1.15966 0.801379 89.3383 2.23346 
3.25 11.4522 1.06664 0.813042 89.4323 2.23581 
3.5 11.4384 0.981065 0.820067 89.5224 2.23806 
3.75 11.4258 0.902345 0.823005 89.6086 2.24022 
4 11.4142 0.829931 0.822356 89.6913 2.24228 
4.25 11.4035 0.763319 0.81857 89.7704 2.24426 
4.5 11.3937 0.702045 0.812055 89.8461 2.24615 
4.75 11.3847 0.645682 0.803176 89.9185 2.24796 
5 11.3764 0.593839 0.792264 89.9878 2.2497 
5.25 11.3688 0.546152 0.779617 90.0541 2.25135 
5.5 11.3618 0.50229 0.765499 90.1175 2.25294 
5.75 11.3554 0.461947 0.750151 90.1781 2.25445 
6 11.3495 0.42484 0.733787 90.236 2.2559 
6.25 11.344 0.390711 0.716597 90.2914 2.25728 
6.5 11.339 0.359321 0.698752 90.3443 2.25861 
6.75 11.3344 0.33045 0.680404 90.3948 2.25987 
7 11.3302 0.303897 0.661687 90.4431 2.26108 
7.25 11.3264 0.279476 0.642721 90.4892 2.26223 
7.5 11.3228 0.257015 0.623612 90.5333 2.26333 
7.75 11.3195 0.236358 0.604452 90.5753 2.26438 
8 11.3165 0.217361 0.585322 90.6154 2.26539 
8.25 11.3137 0.199889 0.566294 90.6537 2.26634 
8.5 11.3112 0.18382 0.547429 90.6903 2.26726 
8.75 11.3089 0.169043 0.528781 90.7252 2.26813 
9 11.3067 0.155453 0.510396 90.7585 2.26896 
9.25 11.3047 0.142954 0.492313 90.7902 2.26976 
9.5 11.3029 0.13146 0.474564 90.8205 2.27051 
9.75 11.3012 0.12089 0.457178 90.8495 2.27124 
10 11.2997 0.111169 0.440178 90.877 2.27193 
10.25 11.2983 0.10223 0.423581 90.9033 2.27258 
10.5 11.297 0.0940089 0.407402 90.9284 2.27321 
10.75 11.2958 0.0864488 0.391652 90.9523 2.27381 
11 11.2947 0.0794963 0.37634 90.9751 2.27438 
11.25 11.2937 0.0731029 0.361469 90.9968 2.27492 
11.5 11.2928 0.0672234 0.347045 91.0175 2.27544 
11.75 11.2919 0.0618166 0.333066 91.0373 2.27593 
12 11.2911 0.0568446 0.319532 91.0561 2.2764 
12.25 11.2904 0.0522723 0.306441 91.074 2.27685 
12.5 11.2898 0.0480677 0.293787 91.0911 2.27728 
12.75 11.2891 0.0442012 0.281567 91.1074 2.27768 
13 11.2886 0.0406456 0.269773 91.1229 2.27807 
13.25 11.2881 0.037376 0.258399 91.1377 2.27844 
13.5 11.2876 0.0343694 0.247437 91.1518 2.27879 
13.75 11.2872 0.0316045 0.236877 91.1652 2.27913 
14 11.2868 0.029062 0.226711 91.178 2.27945 
14.25 11.2864 0.026724 0.21693 91.1902 2.27975 
14.5 11.2861 0.0245741 0.207523 91.2018 2.28004 
14.75 11.2857 0.0225971 0.198481 91.2129 2.28032 
15 11.2855 0.0207791 0.189793 91.2234 2.28058 
15.25 11.2852 0.0191073 0.181449 91.2334 2.28084 
15.5 11.285 0.0175701 0.173438 91.243 2.28107 
15.75 11.2847 0.0161564 0.165752 91.2521 2.2813 
16 11.2845 0.0148566 0.158378 91.2607 2.28152 
16.25 11.2843 0.0136612 0.151306 91.269 2.28172 
16.5 11.2842 0.0125621 0.144527 91.2768 2.28192 
16.75 11.284 0.0115513 0.138031 91.2843 2.28211 
17 11.2839 0.0106219 0.131807 91.2914 2.28229 
17.25 11.2837 0.00976725 0.125846 91.2982 2.28245 
17.5 11.2836 0.00898136 0.120138 91.3047 2.28262 
17.75 11.2835 0.00825869 0.114673 91.3108 2.28277 
18 11.2834 0.00759417 0.109444 91.3167 2.28292 
18.25 11.2833 0.00698312 0.104441 91.3222 2.28306 
18.5 11.2832 0.00642122 0.0996545 91.3275 2.28319 
18.75 11.2831 0.00590454 0.095077 91.3326 2.28331 
19 11.2831 0.00542942 0.0907001 91.3374 2.28343 
19.25 11.283 0.00499254 0.0865158 91.342 2.28355 
19.5 11.2829 0.00459081 0.0825164 91.3463 2.28366 
19.75 11.2829 0.0042214 0.0786944 91.3505 2.28376 
20 11.2828 0.00388171 0.0750425 91.3544 2.28386 
20.25 11.2828 0.00356936 0.0715538 91.3582 2.28395 
20.5 11.2827 0.00328213 0.0682216 91.3617 2.28404 
20.75 11.2827 0.00301802 0.0650392 91.3651 2.28413 
21 11.2826 0.00277517 0.0620005 91.3684 2.28421 
21.25 11.2826 0.00255185 0.0590992 91.3715 2.28429 
21.5 11.2826 0.0023465 0.0563297 91.3744 2.28436 
21.75 11.2825 0.00215768 0.0536861 91.3772 2.28443 
22 11.2825 0.00198405 0.0511632 91.3798 2.2845 
22.25 11.2825 0.00182439 0.0487557 91.3824 2.28456 
22.5 11.2825 0.00167758 0.0464586 91.3848 2.28462 
22.75 11.2824 0.00154258 0.044267 91.3871 2.28468 
23 11.2824 0.00141845 0.0421764 91.3893 2.28473 
23.25 11.2824 0.0013043 0.0401823 91.3913 2.28478 
23.5 11.2824 0.00119934 0.0382804 91.3933 2.28483 
23.75 11.2824 0.00110283 0.0364666 91.3952 2.28488 
24 11.2824 0.00101408 0.034737 91.397 2.28492 
24.25 11.2823 0.000932475 0.0330879 91.3987 2.28497 
24.5 11.2823 0.000857436 0.0315156 91.4003 2.28501 
24.75 11.2823 0.000788435 0.0300167 91.4018 2.28505 
25 11.2823 0.000724987 0.0285878 91.4033 2.28508 
25.25 11.2823 0.000666645 0.0272258 91.4047 2.28512 
25.5 11.2823 0.000612998 0.0259277 91.406 2.28515 
25.75 11.2823 0.000563667 0.0246905 91.4073 2.28518 
26 11.2823 0.000518307 0.0235114 91.4085 2.28521 
26.25 11.2823 0.000476597 0.0223879 91.4096 2.28524 
26.5 11.2823 0.000438243 0.0213173 91.4107 2.28527 
26.75 11.2823 0.000402976 0.0202972 91.4117 2.28529 
27 11.2823 0.000370546 0.0193253 91.4127 2.28532 
27.25 11.2823 0.000340727 0.0183994 91.4137 2.28534 
27.5 11.2822 0.000313307 0.0175173 91.4146 2.28536 
27.75 11.2822 0.000288094 0.016677 91.4154 2.28539 
28 11.2822 0.000264909 0.0158765 91.4162 2.28541 
28.25 11.2822 0.000243591 0.0151141 91.417 2.28542 
28.5 11.2822 0.000223988 0.0143879 91.4177 2.28544 
28.75 11.2822 0.000205962 0.0136963 91.4184 2.28546 
29 11.2822 0.000189388 0.0130376 91.4191 2.28548 
29.25 11.2822 0.000174147 0.0124103 91.4197 2.28549 
29.5 11.2822 0.000160132 0.0118129 91.4203 2.28551 
29.75 11.2822 0.000147245 0.011244 91.4209 2.28552 
30 11.2822 0.000135396 0.0107023 91.4214 2.28554 