0 100 5 0 0 0 
0.25 99.4048 5.33899 0 0.25 0.00625 
0.5 98.7729 5.69721 0 0.516949 0.0129237 
0.75 98.1029 6.07523 0 0.80181 0.0200453 
1 97.3933 6.47353 0 1.10557 0.0276393 
1.25 96.6425 6.89253 0 1.42925 0.0357312 
1.5 95.8492 7.33255 0 1.77387 0.0443469 
1.75 95.0122 7.7938 0 2.1405 0.0535126 
2 94.1302 8.27637 0 2.53019 0.0632548 
2.25 93.2022 8.78021 0 2.94401 0.0736003 
2.5 92.2273 9.30512 0 3.38302 0.0845755 
2.75 91.2048 9.8507 0 3.84828 0.0962069 
3 90.1343 10.4164 0 4.34081 0.10852 
3.25 89.0154 11.0014 0 4.86163 0.121541 
3.5 87.8482 11.6048 0 5.4117 0.135293 
3.75 86.633 12.2252 0 5.99194 0.149799 
4 85.3704 12.8613 0 6.6032 0.16508 
4.25 84.0612 13.5114 0 7.24627 0.181157 
4.5 82.7067 14.1734 0 7.92184 0.198046 
4.75 81.3086 14.8451 0 8.63051 0.215763 
5 79.8687 15.5242 0 9.37277 0.234319 
5.25 78.3893 16.208 0 10.149 0.253724 
5.5 76.8731 16.8935 0 10.9594 0.273984 
5.75 75.323 17.5778 0 11.8041 0.295101 
6 73.7424 18.2576 0 12.6829 0.317074 
6.25 72.1347 18.9296 0 13.5958 0.339896 
6.5 70.5039 19.5903 0 14.5423 0.363558 
6.75 68.8539 20.2363 0 15.5218 0.388045 
7 67.189 20.864 0 16.5336 0.413341 
7.25 65.5135 21.4702 0 17.5768 0.439421 
7.5 63.832 22.0514 0 18.6503 0.466259 
7.75 62.1488 22.6044 0 19.7529 0.493823 
8 60.4685 23.1263 0 20.8831 0.522078 
8.25 58.7954 23.6142 0 22.0394 0.550986 
8.5 57.1338 24.0655 0 23.2202 0.580504 
8.75 55.4879 24.4781 0 24.4234 0.610586 
9 53.8615 24.85 0 25.6473 0.641183 
9.25 52.2583 25.1796 0 26.8898 0.672246 
9.5 50.6817 25.4658 0 28.1488 0.703721 
9.75 49.1348 25.7075 0 29.4221 0.735553 
10 47.6205 25.9043 0 30.7075 0.767687 
10.25 46.1411 26.0561 0 32.0027 0.800068 
10.5 44.6989 26.163 0 33.3055 0.832638 
10.75 43.2956 26.2255 0 34.6137 0.865341 
11 41.9326 26.2444 0 35.9249 0.898123 
11.25 40.6112 26.2207 0 37.2371 0.930929 
11.5 39.3322 26.156 0 38.5482 0.963705 
11.75 38.0961 26.0515 0 39.856 0.996399 
12 36.9033 25.9092 0 41.1586 1.02896 
12.25 35.7537 25.7309 0 42.454 1.06135 
12.5 34.6474 25.5186 0 43.7406 1.09351 
12.75 33.5837 25.2744 0 45.0165 1.12541 
13 32.5623 25.0005 0 46.2802 1.15701 
13.25 31.5824 24.6992 0 47.5302 1.18826 
13.5 30.6431 24.3726 0 48.7652 1.21913 
13.75 29.7435 24.0231 0 49.9838 1.2496 
14 28.8827 23.6528 0 51.185 1.27962 
14.25 28.0593 23.2639 0 52.3676 1.30919 
14.5 27.2724 22.8585 0 53.5308 1.33827 
14.75 26.5207 22.4387 0 54.6737 1.36684 
15 25.8029 22.0065 0 55.7957 1.39489 
15.25 25.1178 21.5638 0 56.896 1.4224 
15.5 24.4642 21.1123 0 57.9742 1.44935 
15.75 23.8407 20.6538 0 59.0298 1.47574 
16 23.2461 20.1898 0 60.0625 1.50156 
16.25 22.6793 19.7219 0 61.072 1.5268 
16.5 22.139 19.2515 0 62.0581 1.55145 
16.75 21.624 18.7799 0 63.0207 1.57552 
17 21.1331 18.3082 0 63.9596 1.59899 
17.25 20.6654 17.8377 0 64.8751 1.62188 
17.5 20.2197 17.3692 0 65.7669 1.64417 
17.75 19.7949 16.9038 0 66.6354 1.66588 
18 19.3902 16.4422 0 67.4806 1.68701 
18.25 19.0044 15.9853 0 68.3027 1.70757 
18.5 18.6368 15.5337 0 69.102 1.72755 
18.75 18.2864 15.088 0 69.8786 1.74697 
19 17.9524 14.6487 0 70.633 1.76583 
19.25 17.634 14.2164 0 71.3655 1.78414 
19.5 17.3304 13.7914 0 72.0763 1.80191 
19.75 17.0408 13.3741 0 72.7659 1.81915 
20 16.7647 12.9648 0 73.4346 1.83586 
20.25 16.5014 12.5637 0 74.0828 1.85207 
20.5 16.2502 12.1711 0 74.711 1.86778 
20.75 16.0104 11.787 0 75.3196 1.88299 
21 15.7817 11.4117 0 75.9089 1.89772 
21.25 15.5633 11.0452 0 76.4795 1.91199 
21.5 15.3549 10.6876 0 77.0318 1.92579 
21.75 15.1559 10.3388 0 77.5661 1.93915 
22 14.9658 9.99903 0 78.0831 1.95208 
22.25 14.7843 9.6681 0 78.583 1.96458 
22.5 14.6109 9.34601 0 79.0664 1.97666 
22.75 14.4452 9.03271 0 79.5337 1.98834 
23 14.2869 8.72812 0 79.9854 1.99963 
23.25 14.1355 8.43213 0 80.4218 2.01054 
23.5 13.9909 8.14465 0 80.8434 2.02108 
23.75 13.8526 7.86556 0 81.2506 2.03127 
24 13.7203 7.59472 0 81.6439 2.0411 
24.25 13.5938 7.332 0 82.0236 2.05059 
24.5 13.4728 7.07725 0 82.3902 2.05976 
24.75 13.357 6.83032 0 82.7441 2.0686 
25 13.2462 6.59106 0 83.0856 2.07714 
25.25 13.1402 6.35931 0 83.4152 2.08538 
25.5 13.0387 6.13489 0 83.7331 2.09333 
25.75 12.9415 5.91764 0 84.0399 2.101 
26 12.8485 5.70739 0 84.3358 2.10839 
26.25 12.7594 5.50397 0 84.6211 2.11553 
26.5 12.6741 5.30722 0 84.8963 2.12241 
26.75 12.5923 5.11695 0 85.1617 2.12904 
27 12.514 4.933 0 85.4175 2.13544 
27.25 12.439 4.7552 0 85.6642 2.1416 
27.5 12.3671 4.58338 0 85.9019 2.14755 
27.75 12.2982 4.41737 0 86.1311 2.15328 
28 12.2322 4.25701 0 86.352 2.1588 
28.25 12.1689 4.10213 0 86.5648 2.16412 
28.5 12.1082 3.95257 0 86.7699 2.16925 
28.75 12.0501 3.80818 0 86.9676 2.17419 
29 11.9943 3.6688 0 87.158 2.17895 
29.25 11.9408 3.53427 0 87.3414 2.18354 
29.5 11.8895 3.40444 0 87.5181 2.18795 
29.75 11.8403 3.27918 0 87.6883 2.19221 
30 11.7931 3.15833 0 87.8523 2.19631 