0 11.2822 0.000135396 0.0107023 91.4214 2.28554 
0.25 11.2822 9.98519e-05 0.0101842 91.4219 2.28555 
0.5 11.2822 7.36389e-05 0.00968476 91.4225 2.28556 
0.75 11.2822 5.43073e-05 0.00920499 91.423 2.28557 
1 11.2822 4.00506e-05 0.00874545 91.4234 2.28559 
1.25 11.2822 2.95366e-05 0.00830626 91.4239 2.2856 
1.5 11.2822 2.17827e-05 0.00788721 91.4243 2.28561 
1.75 11.2822 1.60643e-05 0.00748789 91.4247 2.28562 
2 11.2822 1.18471e-05 0.00710775 91.425 2.28563 
2.25 11.2822 8.73703e-06 0.00674614 91.4254 2.28563 
2.5 11.2822 6.4434e-06 0.00640237 91.4257 2.28564 
2.75 11.2822 4.75188e-06 0.0060757 91.4261 2.28565 
3 11.2822 3.50442e-06 0.00576539 91.4264 2.28566 
3.25 11.2822 2.58444e-06 0.0054707 91.4266 2.28567 
3.5 11.2822 1.90598e-06 0.00519091 91.4269 2.28567 
3.75 11.2822 1.40562e-06 0.0049253 91.4272 2.28568 
4 11.2822 1.03662e-06 0.0046732 91.4274 2.28569 
4.25 11.2822 7.64487e-07 0.00443393 91.4277 2.28569 
4.5 11.2822 5.63794e-07 0.00420686 91.4279 2.2857 
4.75 11.2822 4.15787e-07 0.00399139 91.4281 2.2857 
5 11.2822 3.06635e-07 0.00378692 91.4283 2.28571 
5.25 11.2822 2.26137e-07 0.00359291 91.4285 2.28571 
5.5 11.2822 1.66772e-07 0.00340883 91.4287 2.28572 
5.75 11.2822 1.22991e-07 0.00323416 91.4288 2.28572 
6 11.2822 9.07035e-08 0.00306844 91.429 2.28572 
6.25 11.2822 6.68921e-08 0.0029112 91.4291 2.28573 
6.5 11.2822 4.93316e-08 0.00276202 91.4293 2.28573 
6.75 11.2822 3.63811e-08 0.00262047 91.4294 2.28574 
7 11.2822 2.68303e-08 0.00248618 91.4296 2.28574 
7.25 11.2822 1.97869e-08 0.00235877 91.4297 2.28574 
7.5 11.2822 1.45924e-08 0.00223789 91.4298 2.28575 
7.75 11.2822 1.07616e-08 0.0021232 91.4299 2.28575 
8 11.2822 7.93648e-09 0.00201439 91.43 2.28575 
8.25 11.2822 5.853e-09 0.00191115 91.4301 2.28575 
8.5 11.2822 4.31647e-09 0.00181321 91.4302 2.28576 
8.75 11.2822 3.18331e-09 0.00172028 91.4303 2.28576 
9 11.2822 2.34763e-09 0.00163212 91.4304 2.28576 
9.25 11.2822 1.73133e-09 0.00154847 91.4305 2.28576 
9.5 11.2822 1.27682e-09 0.00146911 91.4306 2.28576 
9.75 11.2822 9.41632e-10 0.00139382 91.4306 2.28577 
10 11.2822 6.94435e-10 0.00132239 91.4307 2.28577 
10.25 11.2822 5.12132e-10 0.00125462 91.4308 2.28577 
10.5 11.2822 3.77687e-10 0.00119032 91.4308 2.28577 
10.75 11.2822 2.78537e-10 0.00112931 91.4309 2.28577 
11 11.2822 2.05416e-10 0.00107144 91.4309 2.28577 
11.25 11.2822 1.5149e-10 0.00101653 91.431 2.28577 
11.5 11.2822 1.11721e-10 0.000964429 91.431 2.28578 
11.75 11.2822 8.23919e-11 0.000915002 91.4311 2.28578 
12 11.2822 6.07624e-11 0.000868108 91.4311 2.28578 
12.25 11.2822 4.48111e-11 0.000823618 91.4312 2.28578 
12.5 11.2822 3.30473e-11 0.000781407 91.4312 2.28578 
12.75 11.2822 2.43717e-11 0.00074136 91.4313 2.28578 
13 11.2822 1.79737e-11 0.000703365 91.4313 2.28578 
13.25 11.2822 1.32552e-11 0.000667318 91.4313 2.28578 
13.5 11.2822 9.77546e-12 0.000633118 91.4314 2.28578 
13.75 11.2822 7.20921e-12 0.000600671 91.4314 2.28579 
14 11.2822 5.31665e-12 0.000569886 91.4314 2.28579 
14.25 11.2822 3.92092e-12 0.00054068 91.4315 2.28579 
14.5 11.2822 2.8916e-12 0.00051297 91.4315 2.28579 
14.75 11.2822 2.1325e-12 0.00048668 91.4315 2.28579 
15 11.2822 1.57268e-12 0.000461738 91.4315 2.28579 
15.25 11.2822 1.15982e-12 0.000438074 91.4316 2.28579 
15.5 11.2822 8.55342e-13 0.000415622 91.4316 2.28579 
15.75 11.2822 6.30798e-13 0.000394322 91.4316 2.28579 
16 11.2822 4.65201e-13 0.000374113 91.4316 2.28579 
16.25 11.2822 3.43076e-13 0.000354939 91.4316 2.28579 
16.5 11.2822 2.53012e-13 0.000336749 91.4317 2.28579 
16.75 11.2822 1.86591e-13 0.00031949 91.4317 2.28579 
17 11.2822 1.37607e-13 0.000303117 91.4317 2.28579 
17.25 11.2822 1.01483e-13 0.000287582 91.4317 2.28579 
17.5 11.2822 7.48415e-14 0.000272843 91.4317 2.28579 
17.75 11.2822 5.51941e-14 0.00025886 91.4317 2.28579 
18 11.2822 4.07046e-14 0.000245593 91.4317 2.28579 
18.25 11.2822 3.00188e-14 0.000233007 91.4318 2.28579 
18.5 11.2822 2.21383e-14 0.000221065 91.4318 2.28579 
18.75 11.2822 1.63265e-14 0.000209736 91.4318 2.28579 
19 11.2822 1.20405e-14 0.000198987 91.4318 2.28579 
19.25 11.2822 8.87963e-15 0.000188789 91.4318 2.2858 
19.5 11.2822 6.54855e-15 0.000179113 91.4318 2.2858 
19.75 11.2822 4.82943e-15 0.000169934 91.4318 2.2858 
20 11.2822 3.5616e-15 0.000161225 91.4318 2.2858 
20.25 11.2822 2.62661e-15 0.000152962 91.4318 2.2858 
20.5 11.2822 1.93707e-15 0.000145122 91.4318 2.2858 
20.75 11.2822 1.42855e-15 0.000137685 91.4319 2.2858 
21 11.2822 1.05353e-15 0.000130629 91.4319 2.2858 
21.25 11.2822 7.76958e-16 0.000123934 91.4319 2.2858 
21.5 11.2822 5.72991e-16 0.000117582 91.4319 2.2858 
21.75 11.2822 4.22569e-16 0.000111556 91.4319 2.2858 
22 11.2822 3.11636e-16 0.000105839 91.4319 2.2858 
22.25 11.2822 2.29826e-16 0.000100415 91.4319 2.2858 
22.5 11.2822 1.69492e-16 9.52684e-05 91.4319 2.2858 
22.75 11.2822 1.24997e-16 9.03859e-05 91.4319 2.2858 
23 11.2822 9.21827e-17 8.57537e-05 91.4319 2.2858 
23.25 11.2822 6.79829e-17 8.13588e-05 91.4319 2.2858 
23.5 11.2822 5.01361e-17 7.71891e-05 91.4319 2.2858 
23.75 11.2822 3.69743e-17 7.32332e-05 91.4319 2.2858 
24 11.2822 2.72678e-17 6.948e-05 91.4319 2.2858 
24.25 11.2822 2.01095e-17 6.59191e-05 91.4319 2.2858 
24.5 11.2822 1.48304e-17 6.25408e-05 91.4319 2.2858 
24.75 11.2822 1.09371e-17 5.93356e-05 91.4319 2.2858 
25 11.2822 8.06589e-18 5.62946e-05 91.4319 2.2858 
25.25 11.2822 5.94843e-18 5.34095e-05 91.4319 2.2858 
25.5 11.2822 4.38685e-18 5.06723e-05 91.4319 2.2858 
25.75 11.2822 3.23521e-18 4.80753e-05 91.4319 2.2858 
26 11.2822 2.38591e-18 4.56115e-05 91.4319 2.2858 
26.25 11.2822 1.75956e-18 4.32739e-05 91.4319 2.2858 
26.5 11.2822 1.29764e-18 4.10561e-05 91.4319 2.2858 
26.75 11.2822 9.56983e-19 3.8952e-05 91.4319 2.2858 
27 11.2822 7.05756e-19 3.69557e-05 91.432 2.2858 
27.25 11.2822 5.20481e-19 3.50617e-05 91.432 2.2858 
27.5 11.2822 3.83844e-19 3.32648e-05 91.432 2.2858 
27.75 11.2822 2.83078e-19 3.156e-05 91.432 2.2858 
28 11.2822 2.08764e-19 2.99425e-05 91.432 2.2858 
28.25 11.2822 1.53959e-19 2.8408e-05 91.432 2.2858 
28.5 11.2822 1.13542e-19 2.69521e-05 91.432 2.2858 
28.75 11.2822 8.37349e-20 2.55708e-05 91.432 2.2858 
29 11.2822 6.17529e-20 2.42603e-05 91.432 2.2858 
29.25 11.2822 4.55415e-20 2.30169e-05 91.432 2.2858 
29.5 11.2822 3.3586e-20 2.18373e-05 91.432 2.2858 
29.75 11.2822 2.4769e-20 2.07181e-05 91.432 2.2858 
30 11.2822 1.82666e-20 1.96563e-05 91.432 2.2858 